kinematics:
  shoulder:
    x: 0
    y: 0
    z: 0.08898885658067036
    roll: -0
    pitch: 0
    yaw: 0.02867288883261428
  upper_arm:
    x: 0.0001903508483097811
    y: 0
    z: 0
    roll: 1.571117771043119
    pitch: 0
    yaw: 0.05935828666843105
  forearm:
    x: -0.425124933838457
    y: 0
    z: 0
    roll: 0.0003164963612906845
    pitch: -0.0005736657184934384
    yaw: -0.04202962297976219
  wrist_1:
    x: -0.3924614058657334
    y: -0.0004641368349760753
    z: 0.1101337290998359
    roll: 0.004214277415788493
    pitch: 0.000151419316500436
    yaw: -0.1438837780104046
  wrist_2:
    x: 0.000105659537893534
    y: -0.09476148074306921
    z: 2.76371108860766e-05
    roll: 1.570504677594338
    pitch: 0
    yaw: 0.1020363550183075
  wrist_3:
    x: -5.828594580351008e-07
    y: 0.08256956521407391
    z: 1.750330679822175e-05
    roll: 1.571008309339441
    pitch: 3.141592653589793
    yaw: 3.118705848772148
  hash: calib_7677132901837424069