kinematics:
  shoulder:
    x: 0
    y: 0
    z: 0.08898885658067036
    roll: -0
    pitch: 0
    yaw: 2.422468933110235e-05
  upper_arm:
    x: 0.0001903508483097811
    y: 0
    z: 0
    roll: 1.571117771043119
    pitch: 0
    yaw: -3.216139926173838e-05
  forearm:
    x: -0.425124933838457
    y: 0
    z: 0
    roll: 0.0003164963612906845
    pitch: -0.0005736657184934383
    yaw: 6.27199581328212e-05
  wrist_1:
    x: -0.3924614058657333
    y: -0.0004641368349760753
    z: 0.1101337290998359
    roll: 0.004214277415788493
    pitch: 0.000151419316500436
    yaw: 8.937893071729132e-06
  wrist_2:
    x: 0.000105659537893534
    y: -0.09476148074306921
    z: 2.76371108860766e-05
    roll: 1.570504677594338
    pitch: 0
    yaw: 7.681656570318048e-05
  wrist_3:
    x: -5.828594580351008e-07
    y: 0.08256956521407391
    z: 1.750330679822175e-05
    roll: 1.571008309339441
    pitch: 3.141592653589793
    yaw: -3.141578728134387
  hash: calib_15775078334668490618